Consumed:[3],Buffer-State:[5,2,6,9,1,23,3,424,53,5,56,74,3,5,2,6,9,1,23,3,424,53,5,56,74,3,5,2,6,9,1,23,3,424,53,5,56,74,3,5,2,6,9,1,23,3,424,53,5,56,74,3,5,2,6,9,1,23,3,424,53,5,56,74,3,5,2,6,9,1,23,3,424,53,5,56,74,3,5,2,6,9,1,23,3,424,53,5,56,74,3,5,2,6,9,1,23,3,424,53]
Consumed:[5],Buffer-State:[2,6,9,1,23,3,424,53,5,56,74,3,5,2,6,9,1,23,3,424,53,5,56,74,3,5,2,6,9,1,23,3,424,53,5,56,74,3,5,2,6,9,1,23,3,424,53,5,56,74,3,5,2,6,9,1,23,3,424,53,5,56,74,3,5,2,6,9,1,23,3,424,53,5,56,74,3,5,2,6,9,1,23,3,424,53,5,56,74,3,5,2,6,9,1,23,3,424,53,5]
Consumed:[2],Buffer-State:[6,9,1,23,3,424,53,5,56,74,3,5,2,6,9,1,23,3,424,53,5,56,74,3,5,2,6,9,1,23,3,424,53,5,56,74,3,5,2,6,9,1,23,3,424,53,5,56,74,3,5,2,6,9,1,23,3,424,53,5,56,74,3,5,2,6,9,1,23,3,424,53,5,56,74,3,5,2,6,9,1,23,3,424,53,5,56,74,3,5,2,6,9,1,23,3,424,53,5,56]
Consumed:[6],Buffer-State:[9,1,23,3,424,53,5,56,74,3,5,2,6,9,1,23,3,424,53,5,56,74,3,5,2,6,9,1,23,3,424,53,5,56,74,3,5,2,6,9,1,23,3,424,53,5,56,74,3,5,2,6,9,1,23,3,424,53,5,56,74,3,5,2,6,9,1,23,3,424,53,5,56,74,3,5,2,6,9,1,23,3,424,53,5,56,74,3,5,2,6,9,1,23,3,424,53,5,56,74]
Consumed:[9],Buffer-State:[1,23,3,424,53,5,56,74,3,5,2,6,9,1,23,3,424,53,5,56,74,3,5,2,6,9,1,23,3,424,53,5,56,74,3,5,2,6,9,1,23,3,424,53,5,56,74,3,5,2,6,9,1,23,3,424,53,5,56,74,3,5,2,6,9,1,23,3,424,53,5,56,74,3,5,2,6,9,1,23,3,424,53,5,56,74,3,5,2,6,9,1,23,3,424,53,5,56,74,424]
Consumed:[1],Buffer-State:[23,3,424,53,5,56,74,3,5,2,6,9,1,23,3,424,53,5,56,74,3,5,2,6,9,1,23,3,424,53,5,56,74,3,5,2,6,9,1,23,3,424,53,5,56,74,3,5,2,6,9,1,23,3,424,53,5,56,74,3,5,2,6,9,1,23,3,424,53,5,56,74,3,5,2,6,9,1,23,3,424,53,5,56,74,3,5,2,6,9,1,23,3,424,53,5,56,74,424,53]
Consumed:[23],Buffer-State:[3,424,53,5,56,74,3,5,2,6,9,1,23,3,424,53,5,56,74,3,5,2,6,9,1,23,3,424,53,5,56,74,3,5,2,6,9,1,23,3,424,53,5,56,74,3,5,2,6,9,1,23,3,424,53,5,56,74,3,5,2,6,9,1,23,3,424,53,5,56,74,3,5,2,6,9,1,23,3,424,53,5,56,74,3,5,2,6,9,1,23,3,424,53,5,56,74,424,53,5]
Consumed:[3],Buffer-State:[424,53,5,56,74,3,5,2,6,9,1,23,3,424,53,5,56,74,3,5,2,6,9,1,23,3,424,53,5,56,74,3,5,2,6,9,1,23,3,424,53,5,56,74,3,5,2,6,9,1,23,3,424,53,5,56,74,3,5,2,6,9,1,23,3,424,53,5,56,74,3,5,2,6,9,1,23,3,424,53,5,56,74,3,5,2,6,9,1,23,3,424,53,5,56,74,424,53,5,56]
Consumed:[424],Buffer-State:[53,5,56,74,3,5,2,6,9,1,23,3,424,53,5,56,74,3,5,2,6,9,1,23,3,424,53,5,56,74,3,5,2,6,9,1,23,3,424,53,5,56,74,3,5,2,6,9,1,23,3,424,53,5,56,74,3,5,2,6,9,1,23,3,424,53,5,56,74,3,5,2,6,9,1,23,3,424,53,5,56,74,3,5,2,6,9,1,23,3,424,53,5,56,74,424,53,5,56,74]
Consumed:[53],Buffer-State:[5,56,74,3,5,2,6,9,1,23,3,424,53,5,56,74,3,5,2,6,9,1,23,3,424,53,5,56,74,3,5,2,6,9,1,23,3,424,53,5,56,74,3,5,2,6,9,1,23,3,424,53,5,56,74,3,5,2,6,9,1,23,3,424,53,5,56,74,3,5,2,6,9,1,23,3,424,53,5,56,74,3,5,2,6,9,1,23,3,424,53,5,56,74,424,53,5,56,74,3]
Consumed:[5],Buffer-State:[56,74,3,5,2,6,9,1,23,3,424,53,5,56,74,3,5,2,6,9,1,23,3,424,53,5,56,74,3,5,2,6,9,1,23,3,424,53,5,56,74,3,5,2,6,9,1,23,3,424,53,5,56,74,3,5,2,6,9,1,23,3,424,53,5,56,74,3,5,2,6,9,1,23,3,424,53,5,56,74,3,5,2,6,9,1,23,3,424,53,5,56,74,424,53,5,56,74,3,5]
Consumed:[56],Buffer-State:[74,3,5,2,6,9,1,23,3,424,53,5,56,74,3,5,2,6,9,1,23,3,424,53,5,56,74,3,5,2,6,9,1,23,3,424,53,5,56,74,3,5,2,6,9,1,23,3,424,53,5,56,74,3,5,2,6,9,1,23,3,424,53,5,56,74,3,5,2,6,9,1,23,3,424,53,5,56,74,3,5,2,6,9,1,23,3,424,53,5,56,74,424,53,5,56,74,3,5,2]
Consumed:[74],Buffer-State:[3,5,2,6,9,1,23,3,424,53,5,56,74,3,5,2,6,9,1,23,3,424,53,5,56,74,3,5,2,6,9,1,23,3,424,53,5,56,74,3,5,2,6,9,1,23,3,424,53,5,56,74,3,5,2,6,9,1,23,3,424,53,5,56,74,3,5,2,6,9,1,23,3,424,53,5,56,74,3,5,2,6,9,1,23,3,424,53,5,56,74,424,53,5,56,74,3,5,2,6]
Consumed:[3],Buffer-State:[5,2,6,9,1,23,3,424,53,5,56,74,3,5,2,6,9,1,23,3,424,53,5,56,74,3,5,2,6,9,1,23,3,424,53,5,56,74,3,5,2,6,9,1,23,3,424,53,5,56,74,3,5,2,6,9,1,23,3,424,53,5,56,74,3,5,2,6,9,1,23,3,424,53,5,56,74,3,5,2,6,9,1,23,3,424,53,5,56,74,424,53,5,56,74,3,5,2,6,9]
Consumed:[5],Buffer-State:[2,6,9,1,23,3,424,53,5,56,74,3,5,2,6,9,1,23,3,424,53,5,56,74,3,5,2,6,9,1,23,3,424,53,5,56,74,3,5,2,6,9,1,23,3,424,53,5,56,74,3,5,2,6,9,1,23,3,424,53,5,56,74,3,5,2,6,9,1,23,3,424,53,5,56,74,3,5,2,6,9,1,23,3,424,53,5,56,74,424,53,5,56,74,3,5,2,6,9,1]
Consumed:[2],Buffer-State:[6,9,1,23,3,424,53,5,56,74,3,5,2,6,9,1,23,3,424,53,5,56,74,3,5,2,6,9,1,23,3,424,53,5,56,74,3,5,2,6,9,1,23,3,424,53,5,56,74,3,5,2,6,9,1,23,3,424,53,5,56,74,3,5,2,6,9,1,23,3,424,53,5,56,74,3,5,2,6,9,1,23,3,424,53,5,56,74,424,53,5,56,74,3,5,2,6,9,1,23]
Consumed:[6],Buffer-State:[9,1,23,3,424,53,5,56,74,3,5,2,6,9,1,23,3,424,53,5,56,74,3,5,2,6,9,1,23,3,424,53,5,56,74,3,5,2,6,9,1,23,3,424,53,5,56,74,3,5,2,6,9,1,23,3,424,53,5,56,74,3,5,2,6,9,1,23,3,424,53,5,56,74,3,5,2,6,9,1,23,3,424,53,5,56,74,424,53,5,56,74,3,5,2,6,9,1,23,3]
Consumed:[9],Buffer-State:[1,23,3,424,53,5,56,74,3,5,2,6,9,1,23,3,424,53,5,56,74,3,5,2,6,9,1,23,3,424,53,5,56,74,3,5,2,6,9,1,23,3,424,53,5,56,74,3,5,2,6,9,1,23,3,424,53,5,56,74,3,5,2,6,9,1,23,3,424,53,5,56,74,3,5,2,6,9,1,23,3,424,53,5,56,74,424,53,5,56,74,3,5,2,6,9,1,23,3,424]
Consumed:[1],Buffer-State:[23,3,424,53,5,56,74,3,5,2,6,9,1,23,3,424,53,5,56,74,3,5,2,6,9,1,23,3,424,53,5,56,74,3,5,2,6,9,1,23,3,424,53,5,56,74,3,5,2,6,9,1,23,3,424,53,5,56,74,3,5,2,6,9,1,23,3,424,53,5,56,74,3,5,2,6,9,1,23,3,424,53,5,56,74,424,53,5,56,74,3,5,2,6,9,1,23,3,424,53]
Consumed:[23],Buffer-State:[3,424,53,5,56,74,3,5,2,6,9,1,23,3,424,53,5,56,74,3,5,2,6,9,1,23,3,424,53,5,56,74,3,5,2,6,9,1,23,3,424,53,5,56,74,3,5,2,6,9,1,23,3,424,53,5,56,74,3,5,2,6,9,1,23,3,424,53,5,56,74,3,5,2,6,9,1,23,3,424,53,5,56,74,424,53,5,56,74,3,5,2,6,9,1,23,3,424,53,5]
Consumed:[3],Buffer-State:[424,53,5,56,74,3,5,2,6,9,1,23,3,424,53,5,56,74,3,5,2,6,9,1,23,3,424,53,5,56,74,3,5,2,6,9,1,23,3,424,53,5,56,74,3,5,2,6,9,1,23,3,424,53,5,56,74,3,5,2,6,9,1,23,3,424,53,5,56,74,3,5,2,6,9,1,23,3,424,53,5,56,74,424,53,5,56,74,3,5,2,6,9,1,23,3,424,53,5,56]
Consumed:[424],Buffer-State:[53,5,56,74,3,5,2,6,9,1,23,3,424,53,5,56,74,3,5,2,6,9,1,23,3,424,53,5,56,74,3,5,2,6,9,1,23,3,424,53,5,56,74,3,5,2,6,9,1,23,3,424,53,5,56,74,3,5,2,6,9,1,23,3,424,53,5,56,74,3,5,2,6,9,1,23,3,424,53,5,56,74,424,53,5,56,74,3,5,2,6,9,1,23,3,424,53,5,56,74]
Consumed:[53],Buffer-State:[5,56,74,3,5,2,6,9,1,23,3,424,53,5,56,74,3,5,2,6,9,1,23,3,424,53,5,56,74,3,5,2,6,9,1,23,3,424,53,5,56,74,3,5,2,6,9,1,23,3,424,53,5,56,74,3,5,2,6,9,1,23,3,424,53,5,56,74,3,5,2,6,9,1,23,3,424,53,5,56,74,424,53,5,56,74,3,5,2,6,9,1,23,3,424,53,5,56,74,3]
Consumed:[5],Buffer-State:[56,74,3,5,2,6,9,1,23,3,424,53,5,56,74,3,5,2,6,9,1,23,3,424,53,5,56,74,3,5,2,6,9,1,23,3,424,53,5,56,74,3,5,2,6,9,1,23,3,424,53,5,56,74,3,5,2,6,9,1,23,3,424,53,5,56,74,3,5,2,6,9,1,23,3,424,53,5,56,74,424,53,5,56,74,3,5,2,6,9,1,23,3,424,53,5,56,74,3,5]
Consumed:[56],Buffer-State:[74,3,5,2,6,9,1,23,3,424,53,5,56,74,3,5,2,6,9,1,23,3,424,53,5,56,74,3,5,2,6,9,1,23,3,424,53,5,56,74,3,5,2,6,9,1,23,3,424,53,5,56,74,3,5,2,6,9,1,23,3,424,53,5,56,74,3,5,2,6,9,1,23,3,424,53,5,56,74,424,53,5,56,74,3,5,2,6,9,1,23,3,424,53,5,56,74,3,5,2]
Consumed:[74],Buffer-State:[3,5,2,6,9,1,23,3,424,53,5,56,74,3,5,2,6,9,1,23,3,424,53,5,56,74,3,5,2,6,9,1,23,3,424,53,5,56,74,3,5,2,6,9,1,23,3,424,53,5,56,74,3,5,2,6,9,1,23,3,424,53,5,56,74,3,5,2,6,9,1,23,3,424,53,5,56,74,424,53,5,56,74,3,5,2,6,9,1,23,3,424,53,5,56,74,3,5,2,6]
Consumed:[3],Buffer-State:[5,2,6,9,1,23,3,424,53,5,56,74,3,5,2,6,9,1,23,3,424,53,5,56,74,3,5,2,6,9,1,23,3,424,53,5,56,74,3,5,2,6,9,1,23,3,424,53,5,56,74,3,5,2,6,9,1,23,3,424,53,5,56,74,3,5,2,6,9,1,23,3,424,53,5,56,74,424,53,5,56,74,3,5,2,6,9,1,23,3,424,53,5,56,74,3,5,2,6,9]
Consumed:[5],Buffer-State:[2,6,9,1,23,3,424,53,5,56,74,3,5,2,6,9,1,23,3,424,53,5,56,74,3,5,2,6,9,1,23,3,424,53,5,56,74,3,5,2,6,9,1,23,3,424,53,5,56,74,3,5,2,6,9,1,23,3,424,53,5,56,74,3,5,2,6,9,1,23,3,424,53,5,56,74,424,53,5,56,74,3,5,2,6,9,1,23,3,424,53,5,56,74,3,5,2,6,9,1]
Consumed:[2],Buffer-State:[6,9,1,23,3,424,53,5,56,74,3,5,2,6,9,1,23,3,424,53,5,56,74,3,5,2,6,9,1,23,3,424,53,5,56,74,3,5,2,6,9,1,23,3,424,53,5,56,74,3,5,2,6,9,1,23,3,424,53,5,56,74,3,5,2,6,9,1,23,3,424,53,5,56,74,424,53,5,56,74,3,5,2,6,9,1,23,3,424,53,5,56,74,3,5,2,6,9,1,23]
Consumed:[6],Buffer-State:[9,1,23,3,424,53,5,56,74,3,5,2,6,9,1,23,3,424,53,5,56,74,3,5,2,6,9,1,23,3,424,53,5,56,74,3,5,2,6,9,1,23,3,424,53,5,56,74,3,5,2,6,9,1,23,3,424,53,5,56,74,3,5,2,6,9,1,23,3,424,53,5,56,74,424,53,5,56,74,3,5,2,6,9,1,23,3,424,53,5,56,74,3,5,2,6,9,1,23,3]
Consumed:[9],Buffer-State:[1,23,3,424,53,5,56,74,3,5,2,6,9,1,23,3,424,53,5,56,74,3,5,2,6,9,1,23,3,424,53,5,56,74,3,5,2,6,9,1,23,3,424,53,5,56,74,3,5,2,6,9,1,23,3,424,53,5,56,74,3,5,2,6,9,1,23,3,424,53,5,56,74,424,53,5,56,74,3,5,2,6,9,1,23,3,424,53,5,56,74,3,5,2,6,9,1,23,3,424]
Consumed:[1],Buffer-State:[23,3,424,53,5,56,74,3,5,2,6,9,1,23,3,424,53,5,56,74,3,5,2,6,9,1,23,3,424,53,5,56,74,3,5,2,6,9,1,23,3,424,53,5,56,74,3,5,2,6,9,1,23,3,424,53,5,56,74,3,5,2,6,9,1,23,3,424,53,5,56,74,424,53,5,56,74,3,5,2,6,9,1,23,3,424,53,5,56,74,3,5,2,6,9,1,23,3,424,53]
Consumed:[23],Buffer-State:[3,424,53,5,56,74,3,5,2,6,9,1,23,3,424,53,5,56,74,3,5,2,6,9,1,23,3,424,53,5,56,74,3,5,2,6,9,1,23,3,424,53,5,56,74,3,5,2,6,9,1,23,3,424,53,5,56,74,3,5,2,6,9,1,23,3,424,53,5,56,74,424,53,5,56,74,3,5,2,6,9,1,23,3,424,53,5,56,74,3,5,2,6,9,1,23,3,424,53,5]
Consumed:[3],Buffer-State:[424,53,5,56,74,3,5,2,6,9,1,23,3,424,53,5,56,74,3,5,2,6,9,1,23,3,424,53,5,56,74,3,5,2,6,9,1,23,3,424,53,5,56,74,3,5,2,6,9,1,23,3,424,53,5,56,74,3,5,2,6,9,1,23,3,424,53,5,56,74,424,53,5,56,74,3,5,2,6,9,1,23,3,424,53,5,56,74,3,5,2,6,9,1,23,3,424,53,5,56]
Consumed:[424],Buffer-State:[53,5,56,74,3,5,2,6,9,1,23,3,424,53,5,56,74,3,5,2,6,9,1,23,3,424,53,5,56,74,3,5,2,6,9,1,23,3,424,53,5,56,74,3,5,2,6,9,1,23,3,424,53,5,56,74,3,5,2,6,9,1,23,3,424,53,5,56,74,424,53,5,56,74,3,5,2,6,9,1,23,3,424,53,5,56,74,3,5,2,6,9,1,23,3,424,53,5,56,74]
Consumed:[53],Buffer-State:[5,56,74,3,5,2,6,9,1,23,3,424,53,5,56,74,3,5,2,6,9,1,23,3,424,53,5,56,74,3,5,2,6,9,1,23,3,424,53,5,56,74,3,5,2,6,9,1,23,3,424,53,5,56,74,3,5,2,6,9,1,23,3,424,53,5,56,74,424,53,5,56,74,3,5,2,6,9,1,23,3,424,53,5,56,74,3,5,2,6,9,1,23,3,424,53,5,56,74,3]
Consumed:[5],Buffer-State:[56,74,3,5,2,6,9,1,23,3,424,53,5,56,74,3,5,2,6,9,1,23,3,424,53,5,56,74,3,5,2,6,9,1,23,3,424,53,5,56,74,3,5,2,6,9,1,23,3,424,53,5,56,74,3,5,2,6,9,1,23,3,424,53,5,56,74,424,53,5,56,74,3,5,2,6,9,1,23,3,424,53,5,56,74,3,5,2,6,9,1,23,3,424,53,5,56,74,3,5]
Consumed:[56],Buffer-State:[74,3,5,2,6,9,1,23,3,424,53,5,56,74,3,5,2,6,9,1,23,3,424,53,5,56,74,3,5,2,6,9,1,23,3,424,53,5,56,74,3,5,2,6,9,1,23,3,424,53,5,56,74,3,5,2,6,9,1,23,3,424,53,5,56,74,424,53,5,56,74,3,5,2,6,9,1,23,3,424,53,5,56,74,3,5,2,6,9,1,23,3,424,53,5,56,74,3,5,2]
Consumed:[74],Buffer-State:[3,5,2,6,9,1,23,3,424,53,5,56,74,3,5,2,6,9,1,23,3,424,53,5,56,74,3,5,2,6,9,1,23,3,424,53,5,56,74,3,5,2,6,9,1,23,3,424,53,5,56,74,3,5,2,6,9,1,23,3,424,53,5,56,74,424,53,5,56,74,3,5,2,6,9,1,23,3,424,53,5,56,74,3,5,2,6,9,1,23,3,424,53,5,56,74,3,5,2,6]
Consumed:[3],Buffer-State:[5,2,6,9,1,23,3,424,53,5,56,74,3,5,2,6,9,1,23,3,424,53,5,56,74,3,5,2,6,9,1,23,3,424,53,5,56,74,3,5,2,6,9,1,23,3,424,53,5,56,74,3,5,2,6,9,1,23,3,424,53,5,56,74,424,53,5,56,74,3,5,2,6,9,1,23,3,424,53,5,56,74,3,5,2,6,9,1,23,3,424,53,5,56,74,3,5,2,6,9]
Consumed:[5],Buffer-State:[2,6,9,1,23,3,424,53,5,56,74,3,5,2,6,9,1,23,3,424,53,5,56,74,3,5,2,6,9,1,23,3,424,53,5,56,74,3,5,2,6,9,1,23,3,424,53,5,56,74,3,5,2,6,9,1,23,3,424,53,5,56,74,424,53,5,56,74,3,5,2,6,9,1,23,3,424,53,5,56,74,3,5,2,6,9,1,23,3,424,53,5,56,74,3,5,2,6,9,1]
Consumed:[2],Buffer-State:[6,9,1,23,3,424,53,5,56,74,3,5,2,6,9,1,23,3,424,53,5,56,74,3,5,2,6,9,1,23,3,424,53,5,56,74,3,5,2,6,9,1,23,3,424,53,5,56,74,3,5,2,6,9,1,23,3,424,53,5,56,74,424,53,5,56,74,3,5,2,6,9,1,23,3,424,53,5,56,74,3,5,2,6,9,1,23,3,424,53,5,56,74,3,5,2,6,9,1,23]
Consumed:[6],Buffer-State:[9,1,23,3,424,53,5,56,74,3,5,2,6,9,1,23,3,424,53,5,56,74,3,5,2,6,9,1,23,3,424,53,5,56,74,3,5,2,6,9,1,23,3,424,53,5,56,74,3,5,2,6,9,1,23,3,424,53,5,56,74,424,53,5,56,74,3,5,2,6,9,1,23,3,424,53,5,56,74,3,5,2,6,9,1,23,3,424,53,5,56,74,3,5,2,6,9,1,23,3]
Consumed:[9],Buffer-State:[1,23,3,424,53,5,56,74,3,5,2,6,9,1,23,3,424,53,5,56,74,3,5,2,6,9,1,23,3,424,53,5,56,74,3,5,2,6,9,1,23,3,424,53,5,56,74,3,5,2,6,9,1,23,3,424,53,5,56,74,424,53,5,56,74,3,5,2,6,9,1,23,3,424,53,5,56,74,3,5,2,6,9,1,23,3,424,53,5,56,74,3,5,2,6,9,1,23,3,424]
Consumed:[1],Buffer-State:[23,3,424,53,5,56,74,3,5,2,6,9,1,23,3,424,53,5,56,74,3,5,2,6,9,1,23,3,424,53,5,56,74,3,5,2,6,9,1,23,3,424,53,5,56,74,3,5,2,6,9,1,23,3,424,53,5,56,74,424,53,5,56,74,3,5,2,6,9,1,23,3,424,53,5,56,74,3,5,2,6,9,1,23,3,424,53,5,56,74,3,5,2,6,9,1,23,3,424,53]
Consumed:[23],Buffer-State:[3,424,53,5,56,74,3,5,2,6,9,1,23,3,424,53,5,56,74,3,5,2,6,9,1,23,3,424,53,5,56,74,3,5,2,6,9,1,23,3,424,53,5,56,74,3,5,2,6,9,1,23,3,424,53,5,56,74,424,53,5,56,74,3,5,2,6,9,1,23,3,424,53,5,56,74,3,5,2,6,9,1,23,3,424,53,5,56,74,3,5,2,6,9,1,23,3,424,53,5]
Consumed:[3],Buffer-State:[424,53,5,56,74,3,5,2,6,9,1,23,3,424,53,5,56,74,3,5,2,6,9,1,23,3,424,53,5,56,74,3,5,2,6,9,1,23,3,424,53,5,56,74,3,5,2,6,9,1,23,3,424,53,5,56,74,424,53,5,56,74,3,5,2,6,9,1,23,3,424,53,5,56,74,3,5,2,6,9,1,23,3,424,53,5,56,74,3,5,2,6,9,1,23,3,424,53,5,56]
Consumed:[424],Buffer-State:[53,5,56,74,3,5,2,6,9,1,23,3,424,53,5,56,74,3,5,2,6,9,1,23,3,424,53,5,56,74,3,5,2,6,9,1,23,3,424,53,5,56,74,3,5,2,6,9,1,23,3,424,53,5,56,74,424,53,5,56,74,3,5,2,6,9,1,23,3,424,53,5,56,74,3,5,2,6,9,1,23,3,424,53,5,56,74,3,5,2,6,9,1,23,3,424,53,5,56,74]
Consumed:[53],Buffer-State:[5,56,74,3,5,2,6,9,1,23,3,424,53,5,56,74,3,5,2,6,9,1,23,3,424,53,5,56,74,3,5,2,6,9,1,23,3,424,53,5,56,74,3,5,2,6,9,1,23,3,424,53,5,56,74,424,53,5,56,74,3,5,2,6,9,1,23,3,424,53,5,56,74,3,5,2,6,9,1,23,3,424,53,5,56,74,3,5,2,6,9,1,23,3,424,53,5,56,74,3]
Consumed:[5],Buffer-State:[56,74,3,5,2,6,9,1,23,3,424,53,5,56,74,3,5,2,6,9,1,23,3,424,53,5,56,74,3,5,2,6,9,1,23,3,424,53,5,56,74,3,5,2,6,9,1,23,3,424,53,5,56,74,424,53,5,56,74,3,5,2,6,9,1,23,3,424,53,5,56,74,3,5,2,6,9,1,23,3,424,53,5,56,74,3,5,2,6,9,1,23,3,424,53,5,56,74,3,5]
Consumed:[56],Buffer-State:[74,3,5,2,6,9,1,23,3,424,53,5,56,74,3,5,2,6,9,1,23,3,424,53,5,56,74,3,5,2,6,9,1,23,3,424,53,5,56,74,3,5,2,6,9,1,23,3,424,53,5,56,74,424,53,5,56,74,3,5,2,6,9,1,23,3,424,53,5,56,74,3,5,2,6,9,1,23,3,424,53,5,56,74,3,5,2,6,9,1,23,3,424,53,5,56,74,3,5,2]
Consumed:[74],Buffer-State:[3,5,2,6,9,1,23,3,424,53,5,56,74,3,5,2,6,9,1,23,3,424,53,5,56,74,3,5,2,6,9,1,23,3,424,53,5,56,74,3,5,2,6,9,1,23,3,424,53,5,56,74,424,53,5,56,74,3,5,2,6,9,1,23,3,424,53,5,56,74,3,5,2,6,9,1,23,3,424,53,5,56,74,3,5,2,6,9,1,23,3,424,53,5,56,74,3,5,2,6]
Consumed:[3],Buffer-State:[5,2,6,9,1,23,3,424,53,5,56,74,3,5,2,6,9,1,23,3,424,53,5,56,74,3,5,2,6,9,1,23,3,424,53,5,56,74,3,5,2,6,9,1,23,3,424,53,5,56,74,424,53,5,56,74,3,5,2,6,9,1,23,3,424,53,5,56,74,3,5,2,6,9,1,23,3,424,53,5,56,74,3,5,2,6,9,1,23,3,424,53,5,56,74,3,5,2,6,9]
Consumed:[5],Buffer-State:[2,6,9,1,23,3,424,53,5,56,74,3,5,2,6,9,1,23,3,424,53,5,56,74,3,5,2,6,9,1,23,3,424,53,5,56,74,3,5,2,6,9,1,23,3,424,53,5,56,74,424,53,5,56,74,3,5,2,6,9,1,23,3,424,53,5,56,74,3,5,2,6,9,1,23,3,424,53,5,56,74,3,5,2,6,9,1,23,3,424,53,5,56,74,3,5,2,6,9,1]
Consumed:[2],Buffer-State:[6,9,1,23,3,424,53,5,56,74,3,5,2,6,9,1,23,3,424,53,5,56,74,3,5,2,6,9,1,23,3,424,53,5,56,74,3,5,2,6,9,1,23,3,424,53,5,56,74,424,53,5,56,74,3,5,2,6,9,1,23,3,424,53,5,56,74,3,5,2,6,9,1,23,3,424,53,5,56,74,3,5,2,6,9,1,23,3,424,53,5,56,74,3,5,2,6,9,1,23]
Consumed:[6],Buffer-State:[9,1,23,3,424,53,5,56,74,3,5,2,6,9,1,23,3,424,53,5,56,74,3,5,2,6,9,1,23,3,424,53,5,56,74,3,5,2,6,9,1,23,3,424,53,5,56,74,424,53,5,56,74,3,5,2,6,9,1,23,3,424,53,5,56,74,3,5,2,6,9,1,23,3,424,53,5,56,74,3,5,2,6,9,1,23,3,424,53,5,56,74,3,5,2,6,9,1,23,3]
Consumed:[9],Buffer-State:[1,23,3,424,53,5,56,74,3,5,2,6,9,1,23,3,424,53,5,56,74,3,5,2,6,9,1,23,3,424,53,5,56,74,3,5,2,6,9,1,23,3,424,53,5,56,74,424,53,5,56,74,3,5,2,6,9,1,23,3,424,53,5,56,74,3,5,2,6,9,1,23,3,424,53,5,56,74,3,5,2,6,9,1,23,3,424,53,5,56,74,3,5,2,6,9,1,23,3,424]
Consumed:[1],Buffer-State:[23,3,424,53,5,56,74,3,5,2,6,9,1,23,3,424,53,5,56,74,3,5,2,6,9,1,23,3,424,53,5,56,74,3,5,2,6,9,1,23,3,424,53,5,56,74,424,53,5,56,74,3,5,2,6,9,1,23,3,424,53,5,56,74,3,5,2,6,9,1,23,3,424,53,5,56,74,3,5,2,6,9,1,23,3,424,53,5,56,74,3,5,2,6,9,1,23,3,424,53]
Consumed:[23],Buffer-State:[3,424,53,5,56,74,3,5,2,6,9,1,23,3,424,53,5,56,74,3,5,2,6,9,1,23,3,424,53,5,56,74,3,5,2,6,9,1,23,3,424,53,5,56,74,424,53,5,56,74,3,5,2,6,9,1,23,3,424,53,5,56,74,3,5,2,6,9,1,23,3,424,53,5,56,74,3,5,2,6,9,1,23,3,424,53,5,56,74,3,5,2,6,9,1,23,3,424,53,5]
Consumed:[3],Buffer-State:[424,53,5,56,74,3,5,2,6,9,1,23,3,424,53,5,56,74,3,5,2,6,9,1,23,3,424,53,5,56,74,3,5,2,6,9,1,23,3,424,53,5,56,74,424,53,5,56,74,3,5,2,6,9,1,23,3,424,53,5,56,74,3,5,2,6,9,1,23,3,424,53,5,56,74,3,5,2,6,9,1,23,3,424,53,5,56,74,3,5,2,6,9,1,23,3,424,53,5,56]
Consumed:[424],Buffer-State:[53,5,56,74,3,5,2,6,9,1,23,3,424,53,5,56,74,3,5,2,6,9,1,23,3,424,53,5,56,74,3,5,2,6,9,1,23,3,424,53,5,56,74,424,53,5,56,74,3,5,2,6,9,1,23,3,424,53,5,56,74,3,5,2,6,9,1,23,3,424,53,5,56,74,3,5,2,6,9,1,23,3,424,53,5,56,74,3,5,2,6,9,1,23,3,424,53,5,56,74]
Consumed:[53],Buffer-State:[5,56,74,3,5,2,6,9,1,23,3,424,53,5,56,74,3,5,2,6,9,1,23,3,424,53,5,56,74,3,5,2,6,9,1,23,3,424,53,5,56,74,424,53,5,56,74,3,5,2,6,9,1,23,3,424,53,5,56,74,3,5,2,6,9,1,23,3,424,53,5,56,74,3,5,2,6,9,1,23,3,424,53,5,56,74,3,5,2,6,9,1,23,3,424,53,5,56,74,3]
Consumed:[5],Buffer-State:[56,74,3,5,2,6,9,1,23,3,424,53,5,56,74,3,5,2,6,9,1,23,3,424,53,5,56,74,3,5,2,6,9,1,23,3,424,53,5,56,74,424,53,5,56,74,3,5,2,6,9,1,23,3,424,53,5,56,74,3,5,2,6,9,1,23,3,424,53,5,56,74,3,5,2,6,9,1,23,3,424,53,5,56,74,3,5,2,6,9,1,23,3,424,53,5,56,74,3,5]
Consumed:[56],Buffer-State:[74,3,5,2,6,9,1,23,3,424,53,5,56,74,3,5,2,6,9,1,23,3,424,53,5,56,74,3,5,2,6,9,1,23,3,424,53,5,56,74,424,53,5,56,74,3,5,2,6,9,1,23,3,424,53,5,56,74,3,5,2,6,9,1,23,3,424,53,5,56,74,3,5,2,6,9,1,23,3,424,53,5,56,74,3,5,2,6,9,1,23,3,424,53,5,56,74,3,5,2]
Consumed:[74],Buffer-State:[3,5,2,6,9,1,23,3,424,53,5,56,74,3,5,2,6,9,1,23,3,424,53,5,56,74,3,5,2,6,9,1,23,3,424,53,5,56,74,424,53,5,56,74,3,5,2,6,9,1,23,3,424,53,5,56,74,3,5,2,6,9,1,23,3,424,53,5,56,74,3,5,2,6,9,1,23,3,424,53,5,56,74,3,5,2,6,9,1,23,3,424,53,5,56,74,3,5,2,6]
Consumed:[3],Buffer-State:[5,2,6,9,1,23,3,424,53,5,56,74,3,5,2,6,9,1,23,3,424,53,5,56,74,3,5,2,6,9,1,23,3,424,53,5,56,74,424,53,5,56,74,3,5,2,6,9,1,23,3,424,53,5,56,74,3,5,2,6,9,1,23,3,424,53,5,56,74,3,5,2,6,9,1,23,3,424,53,5,56,74,3,5,2,6,9,1,23,3,424,53,5,56,74,3,5,2,6,9]
Consumed:[5],Buffer-State:[2,6,9,1,23,3,424,53,5,56,74,3,5,2,6,9,1,23,3,424,53,5,56,74,3,5,2,6,9,1,23,3,424,53,5,56,74,424,53,5,56,74,3,5,2,6,9,1,23,3,424,53,5,56,74,3,5,2,6,9,1,23,3,424,53,5,56,74,3,5,2,6,9,1,23,3,424,53,5,56,74,3,5,2,6,9,1,23,3,424,53,5,56,74,3,5,2,6,9,1]
Consumed:[2],Buffer-State:[6,9,1,23,3,424,53,5,56,74,3,5,2,6,9,1,23,3,424,53,5,56,74,3,5,2,6,9,1,23,3,424,53,5,56,74,424,53,5,56,74,3,5,2,6,9,1,23,3,424,53,5,56,74,3,5,2,6,9,1,23,3,424,53,5,56,74,3,5,2,6,9,1,23,3,424,53,5,56,74,3,5,2,6,9,1,23,3,424,53,5,56,74,3,5,2,6,9,1,23]
Consumed:[6],Buffer-State:[9,1,23,3,424,53,5,56,74,3,5,2,6,9,1,23,3,424,53,5,56,74,3,5,2,6,9,1,23,3,424,53,5,56,74,424,53,5,56,74,3,5,2,6,9,1,23,3,424,53,5,56,74,3,5,2,6,9,1,23,3,424,53,5,56,74,3,5,2,6,9,1,23,3,424,53,5,56,74,3,5,2,6,9,1,23,3,424,53,5,56,74,3,5,2,6,9,1,23,3]
Consumed:[9],Buffer-State:[1,23,3,424,53,5,56,74,3,5,2,6,9,1,23,3,424,53,5,56,74,3,5,2,6,9,1,23,3,424,53,5,56,74,424,53,5,56,74,3,5,2,6,9,1,23,3,424,53,5,56,74,3,5,2,6,9,1,23,3,424,53,5,56,74,3,5,2,6,9,1,23,3,424,53,5,56,74,3,5,2,6,9,1,23,3,424,53,5,56,74,3,5,2,6,9,1,23,3,424]
Consumed:[1],Buffer-State:[23,3,424,53,5,56,74,3,5,2,6,9,1,23,3,424,53,5,56,74,3,5,2,6,9,1,23,3,424,53,5,56,74,424,53,5,56,74,3,5,2,6,9,1,23,3,424,53,5,56,74,3,5,2,6,9,1,23,3,424,53,5,56,74,3,5,2,6,9,1,23,3,424,53,5,56,74,3,5,2,6,9,1,23,3,424,53,5,56,74,3,5,2,6,9,1,23,3,424,53]
Consumed:[23],Buffer-State:[3,424,53,5,56,74,3,5,2,6,9,1,23,3,424,53,5,56,74,3,5,2,6,9,1,23,3,424,53,5,56,74,424,53,5,56,74,3,5,2,6,9,1,23,3,424,53,5,56,74,3,5,2,6,9,1,23,3,424,53,5,56,74,3,5,2,6,9,1,23,3,424,53,5,56,74,3,5,2,6,9,1,23,3,424,53,5,56,74,3,5,2,6,9,1,23,3,424,53,5]
Consumed:[3],Buffer-State:[424,53,5,56,74,3,5,2,6,9,1,23,3,424,53,5,56,74,3,5,2,6,9,1,23,3,424,53,5,56,74,424,53,5,56,74,3,5,2,6,9,1,23,3,424,53,5,56,74,3,5,2,6,9,1,23,3,424,53,5,56,74,3,5,2,6,9,1,23,3,424,53,5,56,74,3,5,2,6,9,1,23,3,424,53,5,56,74,3,5,2,6,9,1,23,3,424,53,5,56]
Consumed:[424],Buffer-State:[53,5,56,74,3,5,2,6,9,1,23,3,424,53,5,56,74,3,5,2,6,9,1,23,3,424,53,5,56,74,424,53,5,56,74,3,5,2,6,9,1,23,3,424,53,5,56,74,3,5,2,6,9,1,23,3,424,53,5,56,74,3,5,2,6,9,1,23,3,424,53,5,56,74,3,5,2,6,9,1,23,3,424,53,5,56,74,3,5,2,6,9,1,23,3,424,53,5,56,74]
Consumed:[53],Buffer-State:[5,56,74,3,5,2,6,9,1,23,3,424,53,5,56,74,3,5,2,6,9,1,23,3,424,53,5,56,74,424,53,5,56,74,3,5,2,6,9,1,23,3,424,53,5,56,74,3,5,2,6,9,1,23,3,424,53,5,56,74,3,5,2,6,9,1,23,3,424,53,5,56,74,3,5,2,6,9,1,23,3,424,53,5,56,74,3,5,2,6,9,1,23,3,424,53,5,56,74,3]
Consumed:[5],Buffer-State:[56,74,3,5,2,6,9,1,23,3,424,53,5,56,74,3,5,2,6,9,1,23,3,424,53,5,56,74,424,53,5,56,74,3,5,2,6,9,1,23,3,424,53,5,56,74,3,5,2,6,9,1,23,3,424,53,5,56,74,3,5,2,6,9,1,23,3,424,53,5,56,74,3,5,2,6,9,1,23,3,424,53,5,56,74,3,5,2,6,9,1,23,3,424,53,5,56,74,3,5]
Consumed:[56],Buffer-State:[74,3,5,2,6,9,1,23,3,424,53,5,56,74,3,5,2,6,9,1,23,3,424,53,5,56,74,424,53,5,56,74,3,5,2,6,9,1,23,3,424,53,5,56,74,3,5,2,6,9,1,23,3,424,53,5,56,74,3,5,2,6,9,1,23,3,424,53,5,56,74,3,5,2,6,9,1,23,3,424,53,5,56,74,3,5,2,6,9,1,23,3,424,53,5,56,74,3,5,2]
Consumed:[74],Buffer-State:[3,5,2,6,9,1,23,3,424,53,5,56,74,3,5,2,6,9,1,23,3,424,53,5,56,74,424,53,5,56,74,3,5,2,6,9,1,23,3,424,53,5,56,74,3,5,2,6,9,1,23,3,424,53,5,56,74,3,5,2,6,9,1,23,3,424,53,5,56,74,3,5,2,6,9,1,23,3,424,53,5,56,74,3,5,2,6,9,1,23,3,424,53,5,56,74,3,5,2,6]
Consumed:[3],Buffer-State:[5,2,6,9,1,23,3,424,53,5,56,74,3,5,2,6,9,1,23,3,424,53,5,56,74,424,53,5,56,74,3,5,2,6,9,1,23,3,424,53,5,56,74,3,5,2,6,9,1,23,3,424,53,5,56,74,3,5,2,6,9,1,23,3,424,53,5,56,74,3,5,2,6,9,1,23,3,424,53,5,56,74,3,5,2,6,9,1,23,3,424,53,5,56,74,3,5,2,6,9]
Consumed:[5],Buffer-State:[2,6,9,1,23,3,424,53,5,56,74,3,5,2,6,9,1,23,3,424,53,5,56,74,424,53,5,56,74,3,5,2,6,9,1,23,3,424,53,5,56,74,3,5,2,6,9,1,23,3,424,53,5,56,74,3,5,2,6,9,1,23,3,424,53,5,56,74,3,5,2,6,9,1,23,3,424,53,5,56,74,3,5,2,6,9,1,23,3,424,53,5,56,74,3,5,2,6,9,1]
Consumed:[2],Buffer-State:[6,9,1,23,3,424,53,5,56,74,3,5,2,6,9,1,23,3,424,53,5,56,74,424,53,5,56,74,3,5,2,6,9,1,23,3,424,53,5,56,74,3,5,2,6,9,1,23,3,424,53,5,56,74,3,5,2,6,9,1,23,3,424,53,5,56,74,3,5,2,6,9,1,23,3,424,53,5,56,74,3,5,2,6,9,1,23,3,424,53,5,56,74,3,5,2,6,9,1,23]
Consumed:[6],Buffer-State:[9,1,23,3,424,53,5,56,74,3,5,2,6,9,1,23,3,424,53,5,56,74,424,53,5,56,74,3,5,2,6,9,1,23,3,424,53,5,56,74,3,5,2,6,9,1,23,3,424,53,5,56,74,3,5,2,6,9,1,23,3,424,53,5,56,74,3,5,2,6,9,1,23,3,424,53,5,56,74,3,5,2,6,9,1,23,3,424,53,5,56,74,3,5,2,6,9,1,23,3]
Consumed:[9],Buffer-State:[1,23,3,424,53,5,56,74,3,5,2,6,9,1,23,3,424,53,5,56,74,424,53,5,56,74,3,5,2,6,9,1,23,3,424,53,5,56,74,3,5,2,6,9,1,23,3,424,53,5,56,74,3,5,2,6,9,1,23,3,424,53,5,56,74,3,5,2,6,9,1,23,3,424,53,5,56,74,3,5,2,6,9,1,23,3,424,53,5,56,74,3,5,2,6,9,1,23,3,424]
Consumed:[1],Buffer-State:[23,3,424,53,5,56,74,3,5,2,6,9,1,23,3,424,53,5,56,74,424,53,5,56,74,3,5,2,6,9,1,23,3,424,53,5,56,74,3,5,2,6,9,1,23,3,424,53,5,56,74,3,5,2,6,9,1,23,3,424,53,5,56,74,3,5,2,6,9,1,23,3,424,53,5,56,74,3,5,2,6,9,1,23,3,424,53,5,56,74,3,5,2,6,9,1,23,3,424,53]
Consumed:[23],Buffer-State:[3,424,53,5,56,74,3,5,2,6,9,1,23,3,424,53,5,56,74,424,53,5,56,74,3,5,2,6,9,1,23,3,424,53,5,56,74,3,5,2,6,9,1,23,3,424,53,5,56,74,3,5,2,6,9,1,23,3,424,53,5,56,74,3,5,2,6,9,1,23,3,424,53,5,56,74,3,5,2,6,9,1,23,3,424,53,5,56,74,3,5,2,6,9,1,23,3,424,53,5]
Consumed:[3],Buffer-State:[424,53,5,56,74,3,5,2,6,9,1,23,3,424,53,5,56,74,424,53,5,56,74,3,5,2,6,9,1,23,3,424,53,5,56,74,3,5,2,6,9,1,23,3,424,53,5,56,74,3,5,2,6,9,1,23,3,424,53,5,56,74,3,5,2,6,9,1,23,3,424,53,5,56,74,3,5,2,6,9,1,23,3,424,53,5,56,74,3,5,2,6,9,1,23,3,424,53,5,56]
Consumed:[424],Buffer-State:[53,5,56,74,3,5,2,6,9,1,23,3,424,53,5,56,74,424,53,5,56,74,3,5,2,6,9,1,23,3,424,53,5,56,74,3,5,2,6,9,1,23,3,424,53,5,56,74,3,5,2,6,9,1,23,3,424,53,5,56,74,3,5,2,6,9,1,23,3,424,53,5,56,74,3,5,2,6,9,1,23,3,424,53,5,56,74,3,5,2,6,9,1,23,3,424,53,5,56,74]
Consumed:[53],Buffer-State:[5,56,74,3,5,2,6,9,1,23,3,424,53,5,56,74,424,53,5,56,74,3,5,2,6,9,1,23,3,424,53,5,56,74,3,5,2,6,9,1,23,3,424,53,5,56,74,3,5,2,6,9,1,23,3,424,53,5,56,74,3,5,2,6,9,1,23,3,424,53,5,56,74,3,5,2,6,9,1,23,3,424,53,5,56,74,3,5,2,6,9,1,23,3,424,53,5,56,74,3]
Consumed:[5],Buffer-State:[56,74,3,5,2,6,9,1,23,3,424,53,5,56,74,424,53,5,56,74,3,5,2,6,9,1,23,3,424,53,5,56,74,3,5,2,6,9,1,23,3,424,53,5,56,74,3,5,2,6,9,1,23,3,424,53,5,56,74,3,5,2,6,9,1,23,3,424,53,5,56,74,3,5,2,6,9,1,23,3,424,53,5,56,74,3,5,2,6,9,1,23,3,424,53,5,56,74,3,5]
Consumed:[56],Buffer-State:[74,3,5,2,6,9,1,23,3,424,53,5,56,74,424,53,5,56,74,3,5,2,6,9,1,23,3,424,53,5,56,74,3,5,2,6,9,1,23,3,424,53,5,56,74,3,5,2,6,9,1,23,3,424,53,5,56,74,3,5,2,6,9,1,23,3,424,53,5,56,74,3,5,2,6,9,1,23,3,424,53,5,56,74,3,5,2,6,9,1,23,3,424,53,5,56,74,3,5,2]
Consumed:[74],Buffer-State:[3,5,2,6,9,1,23,3,424,53,5,56,74,424,53,5,56,74,3,5,2,6,9,1,23,3,424,53,5,56,74,3,5,2,6,9,1,23,3,424,53,5,56,74,3,5,2,6,9,1,23,3,424,53,5,56,74,3,5,2,6,9,1,23,3,424,53,5,56,74,3,5,2,6,9,1,23,3,424,53,5,56,74,3,5,2,6,9,1,23,3,424,53,5,56,74,3,5,2,6]
Consumed:[3],Buffer-State:[5,2,6,9,1,23,3,424,53,5,56,74,424,53,5,56,74,3,5,2,6,9,1,23,3,424,53,5,56,74,3,5,2,6,9,1,23,3,424,53,5,56,74,3,5,2,6,9,1,23,3,424,53,5,56,74,3,5,2,6,9,1,23,3,424,53,5,56,74,3,5,2,6,9,1,23,3,424,53,5,56,74,3,5,2,6,9,1,23,3,424,53,5,56,74,3,5,2,6,9]
Consumed:[5],Buffer-State:[2,6,9,1,23,3,424,53,5,56,74,424,53,5,56,74,3,5,2,6,9,1,23,3,424,53,5,56,74,3,5,2,6,9,1,23,3,424,53,5,56,74,3,5,2,6,9,1,23,3,424,53,5,56,74,3,5,2,6,9,1,23,3,424,53,5,56,74,3,5,2,6,9,1,23,3,424,53,5,56,74,3,5,2,6,9,1,23,3,424,53,5,56,74,3,5,2,6,9,1]
Consumed:[2],Buffer-State:[6,9,1,23,3,424,53,5,56,74,424,53,5,56,74,3,5,2,6,9,1,23,3,424,53,5,56,74,3,5,2,6,9,1,23,3,424,53,5,56,74,3,5,2,6,9,1,23,3,424,53,5,56,74,3,5,2,6,9,1,23,3,424,53,5,56,74,3,5,2,6,9,1,23,3,424,53,5,56,74,3,5,2,6,9,1,23,3,424,53,5,56,74,3,5,2,6,9,1,23]
Consumed:[6],Buffer-State:[9,1,23,3,424,53,5,56,74,424,53,5,56,74,3,5,2,6,9,1,23,3,424,53,5,56,74,3,5,2,6,9,1,23,3,424,53,5,56,74,3,5,2,6,9,1,23,3,424,53,5,56,74,3,5,2,6,9,1,23,3,424,53,5,56,74,3,5,2,6,9,1,23,3,424,53,5,56,74,3,5,2,6,9,1,23,3,424,53,5,56,74,3,5,2,6,9,1,23,3]
Consumed:[9],Buffer-State:[1,23,3,424,53,5,56,74,424,53,5,56,74,3,5,2,6,9,1,23,3,424,53,5,56,74,3,5,2,6,9,1,23,3,424,53,5,56,74,3,5,2,6,9,1,23,3,424,53,5,56,74,3,5,2,6,9,1,23,3,424,53,5,56,74,3,5,2,6,9,1,23,3,424,53,5,56,74,3,5,2,6,9,1,23,3,424,53,5,56,74,3,5,2,6,9,1,23,3,424]
Consumed:[1],Buffer-State:[23,3,424,53,5,56,74,424,53,5,56,74,3,5,2,6,9,1,23,3,424,53,5,56,74,3,5,2,6,9,1,23,3,424,53,5,56,74,3,5,2,6,9,1,23,3,424,53,5,56,74,3,5,2,6,9,1,23,3,424,53,5,56,74,3,5,2,6,9,1,23,3,424,53,5,56,74,3,5,2,6,9,1,23,3,424,53,5,56,74,3,5,2,6,9,1,23,3,424,53]
Consumed:[23],Buffer-State:[3,424,53,5,56,74,424,53,5,56,74,3,5,2,6,9,1,23,3,424,53,5,56,74,3,5,2,6,9,1,23,3,424,53,5,56,74,3,5,2,6,9,1,23,3,424,53,5,56,74,3,5,2,6,9,1,23,3,424,53,5,56,74,3,5,2,6,9,1,23,3,424,53,5,56,74,3,5,2,6,9,1,23,3,424,53,5,56,74,3,5,2,6,9,1,23,3,424,53,5]
Consumed:[3],Buffer-State:[424,53,5,56,74,424,53,5,56,74,3,5,2,6,9,1,23,3,424,53,5,56,74,3,5,2,6,9,1,23,3,424,53,5,56,74,3,5,2,6,9,1,23,3,424,53,5,56,74,3,5,2,6,9,1,23,3,424,53,5,56,74,3,5,2,6,9,1,23,3,424,53,5,56,74,3,5,2,6,9,1,23,3,424,53,5,56,74,3,5,2,6,9,1,23,3,424,53,5,56]
Consumed:[424],Buffer-State:[53,5,56,74,424,53,5,56,74,3,5,2,6,9,1,23,3,424,53,5,56,74,3,5,2,6,9,1,23,3,424,53,5,56,74,3,5,2,6,9,1,23,3,424,53,5,56,74,3,5,2,6,9,1,23,3,424,53,5,56,74,3,5,2,6,9,1,23,3,424,53,5,56,74,3,5,2,6,9,1,23,3,424,53,5,56,74,3,5,2,6,9,1,23,3,424,53,5,56,74]
Consumed:[53],Buffer-State:[5,56,74,424,53,5,56,74,3,5,2,6,9,1,23,3,424,53,5,56,74,3,5,2,6,9,1,23,3,424,53,5,56,74,3,5,2,6,9,1,23,3,424,53,5,56,74,3,5,2,6,9,1,23,3,424,53,5,56,74,3,5,2,6,9,1,23,3,424,53,5,56,74,3,5,2,6,9,1,23,3,424,53,5,56,74,3,5,2,6,9,1,23,3,424,53,5,56,74]
Consumed:[5],Buffer-State:[56,74,424,53,5,56,74,3,5,2,6,9,1,23,3,424,53,5,56,74,3,5,2,6,9,1,23,3,424,53,5,56,74,3,5,2,6,9,1,23,3,424,53,5,56,74,3,5,2,6,9,1,23,3,424,53,5,56,74,3,5,2,6,9,1,23,3,424,53,5,56,74,3,5,2,6,9,1,23,3,424,53,5,56,74,3,5,2,6,9,1,23,3,424,53,5,56,74]
Consumed:[56],Buffer-State:[74,424,53,5,56,74,3,5,2,6,9,1,23,3,424,53,5,56,74,3,5,2,6,9,1,23,3,424,53,5,56,74,3,5,2,6,9,1,23,3,424,53,5,56,74,3,5,2,6,9,1,23,3,424,53,5,56,74,3,5,2,6,9,1,23,3,424,53,5,56,74,3,5,2,6,9,1,23,3,424,53,5,56,74,3,5,2,6,9,1,23,3,424,53,5,56,74]
Consumed:[74],Buffer-State:[424,53,5,56,74,3,5,2,6,9,1,23,3,424,53,5,56,74,3,5,2,6,9,1,23,3,424,53,5,56,74,3,5,2,6,9,1,23,3,424,53,5,56,74,3,5,2,6,9,1,23,3,424,53,5,56,74,3,5,2,6,9,1,23,3,424,53,5,56,74,3,5,2,6,9,1,23,3,424,53,5,56,74,3,5,2,6,9,1,23,3,424,53,5,56,74]
Consumed:[424],Buffer-State:[53,5,56,74,3,5,2,6,9,1,23,3,424,53,5,56,74,3,5,2,6,9,1,23,3,424,53,5,56,74,3,5,2,6,9,1,23,3,424,53,5,56,74,3,5,2,6,9,1,23,3,424,53,5,56,74,3,5,2,6,9,1,23,3,424,53,5,56,74,3,5,2,6,9,1,23,3,424,53,5,56,74,3,5,2,6,9,1,23,3,424,53,5,56,74]
Consumed:[53],Buffer-State:[5,56,74,3,5,2,6,9,1,23,3,424,53,5,56,74,3,5,2,6,9,1,23,3,424,53,5,56,74,3,5,2,6,9,1,23,3,424,53,5,56,74,3,5,2,6,9,1,23,3,424,53,5,56,74,3,5,2,6,9,1,23,3,424,53,5,56,74,3,5,2,6,9,1,23,3,424,53,5,56,74,3,5,2,6,9,1,23,3,424,53,5,56,74]
Consumed:[5],Buffer-State:[56,74,3,5,2,6,9,1,23,3,424,53,5,56,74,3,5,2,6,9,1,23,3,424,53,5,56,74,3,5,2,6,9,1,23,3,424,53,5,56,74,3,5,2,6,9,1,23,3,424,53,5,56,74,3,5,2,6,9,1,23,3,424,53,5,56,74,3,5,2,6,9,1,23,3,424,53,5,56,74,3,5,2,6,9,1,23,3,424,53,5,56,74]
Consumed:[56],Buffer-State:[74,3,5,2,6,9,1,23,3,424,53,5,56,74,3,5,2,6,9,1,23,3,424,53,5,56,74,3,5,2,6,9,1,23,3,424,53,5,56,74,3,5,2,6,9,1,23,3,424,53,5,56,74,3,5,2,6,9,1,23,3,424,53,5,56,74,3,5,2,6,9,1,23,3,424,53,5,56,74,3,5,2,6,9,1,23,3,424,53,5,56,74]
Consumed:[74],Buffer-State:[3,5,2,6,9,1,23,3,424,53,5,56,74,3,5,2,6,9,1,23,3,424,53,5,56,74,3,5,2,6,9,1,23,3,424,53,5,56,74,3,5,2,6,9,1,23,3,424,53,5,56,74,3,5,2,6,9,1,23,3,424,53,5,56,74,3,5,2,6,9,1,23,3,424,53,5,56,74,3,5,2,6,9,1,23,3,424,53,5,56,74]
Consumed:[3],Buffer-State:[5,2,6,9,1,23,3,424,53,5,56,74,3,5,2,6,9,1,23,3,424,53,5,56,74,3,5,2,6,9,1,23,3,424,53,5,56,74,3,5,2,6,9,1,23,3,424,53,5,56,74,3,5,2,6,9,1,23,3,424,53,5,56,74,3,5,2,6,9,1,23,3,424,53,5,56,74,3,5,2,6,9,1,23,3,424,53,5,56,74]
Consumed:[5],Buffer-State:[2,6,9,1,23,3,424,53,5,56,74,3,5,2,6,9,1,23,3,424,53,5,56,74,3,5,2,6,9,1,23,3,424,53,5,56,74,3,5,2,6,9,1,23,3,424,53,5,56,74,3,5,2,6,9,1,23,3,424,53,5,56,74,3,5,2,6,9,1,23,3,424,53,5,56,74,3,5,2,6,9,1,23,3,424,53,5,56,74]
Consumed:[2],Buffer-State:[6,9,1,23,3,424,53,5,56,74,3,5,2,6,9,1,23,3,424,53,5,56,74,3,5,2,6,9,1,23,3,424,53,5,56,74,3,5,2,6,9,1,23,3,424,53,5,56,74,3,5,2,6,9,1,23,3,424,53,5,56,74,3,5,2,6,9,1,23,3,424,53,5,56,74,3,5,2,6,9,1,23,3,424,53,5,56,74]
Consumed:[6],Buffer-State:[9,1,23,3,424,53,5,56,74,3,5,2,6,9,1,23,3,424,53,5,56,74,3,5,2,6,9,1,23,3,424,53,5,56,74,3,5,2,6,9,1,23,3,424,53,5,56,74,3,5,2,6,9,1,23,3,424,53,5,56,74,3,5,2,6,9,1,23,3,424,53,5,56,74,3,5,2,6,9,1,23,3,424,53,5,56,74]
Consumed:[9],Buffer-State:[1,23,3,424,53,5,56,74,3,5,2,6,9,1,23,3,424,53,5,56,74,3,5,2,6,9,1,23,3,424,53,5,56,74,3,5,2,6,9,1,23,3,424,53,5,56,74,3,5,2,6,9,1,23,3,424,53,5,56,74,3,5,2,6,9,1,23,3,424,53,5,56,74,3,5,2,6,9,1,23,3,424,53,5,56,74]
Consumed:[1],Buffer-State:[23,3,424,53,5,56,74,3,5,2,6,9,1,23,3,424,53,5,56,74,3,5,2,6,9,1,23,3,424,53,5,56,74,3,5,2,6,9,1,23,3,424,53,5,56,74,3,5,2,6,9,1,23,3,424,53,5,56,74,3,5,2,6,9,1,23,3,424,53,5,56,74,3,5,2,6,9,1,23,3,424,53,5,56,74]
Consumed:[23],Buffer-State:[3,424,53,5,56,74,3,5,2,6,9,1,23,3,424,53,5,56,74,3,5,2,6,9,1,23,3,424,53,5,56,74,3,5,2,6,9,1,23,3,424,53,5,56,74,3,5,2,6,9,1,23,3,424,53,5,56,74,3,5,2,6,9,1,23,3,424,53,5,56,74,3,5,2,6,9,1,23,3,424,53,5,56,74]
Consumed:[3],Buffer-State:[424,53,5,56,74,3,5,2,6,9,1,23,3,424,53,5,56,74,3,5,2,6,9,1,23,3,424,53,5,56,74,3,5,2,6,9,1,23,3,424,53,5,56,74,3,5,2,6,9,1,23,3,424,53,5,56,74,3,5,2,6,9,1,23,3,424,53,5,56,74,3,5,2,6,9,1,23,3,424,53,5,56,74]
Consumed:[424],Buffer-State:[53,5,56,74,3,5,2,6,9,1,23,3,424,53,5,56,74,3,5,2,6,9,1,23,3,424,53,5,56,74,3,5,2,6,9,1,23,3,424,53,5,56,74,3,5,2,6,9,1,23,3,424,53,5,56,74,3,5,2,6,9,1,23,3,424,53,5,56,74,3,5,2,6,9,1,23,3,424,53,5,56,74]
Consumed:[53],Buffer-State:[5,56,74,3,5,2,6,9,1,23,3,424,53,5,56,74,3,5,2,6,9,1,23,3,424,53,5,56,74,3,5,2,6,9,1,23,3,424,53,5,56,74,3,5,2,6,9,1,23,3,424,53,5,56,74,3,5,2,6,9,1,23,3,424,53,5,56,74,3,5,2,6,9,1,23,3,424,53,5,56,74]
Consumed:[5],Buffer-State:[56,74,3,5,2,6,9,1,23,3,424,53,5,56,74,3,5,2,6,9,1,23,3,424,53,5,56,74,3,5,2,6,9,1,23,3,424,53,5,56,74,3,5,2,6,9,1,23,3,424,53,5,56,74,3,5,2,6,9,1,23,3,424,53,5,56,74,3,5,2,6,9,1,23,3,424,53,5,56,74]
Consumed:[56],Buffer-State:[74,3,5,2,6,9,1,23,3,424,53,5,56,74,3,5,2,6,9,1,23,3,424,53,5,56,74,3,5,2,6,9,1,23,3,424,53,5,56,74,3,5,2,6,9,1,23,3,424,53,5,56,74,3,5,2,6,9,1,23,3,424,53,5,56,74,3,5,2,6,9,1,23,3,424,53,5,56,74]
Consumed:[74],Buffer-State:[3,5,2,6,9,1,23,3,424,53,5,56,74,3,5,2,6,9,1,23,3,424,53,5,56,74,3,5,2,6,9,1,23,3,424,53,5,56,74,3,5,2,6,9,1,23,3,424,53,5,56,74,3,5,2,6,9,1,23,3,424,53,5,56,74,3,5,2,6,9,1,23,3,424,53,5,56,74]
Consumed:[3],Buffer-State:[5,2,6,9,1,23,3,424,53,5,56,74,3,5,2,6,9,1,23,3,424,53,5,56,74,3,5,2,6,9,1,23,3,424,53,5,56,74,3,5,2,6,9,1,23,3,424,53,5,56,74,3,5,2,6,9,1,23,3,424,53,5,56,74,3,5,2,6,9,1,23,3,424,53,5,56,74]
Consumed:[5],Buffer-State:[2,6,9,1,23,3,424,53,5,56,74,3,5,2,6,9,1,23,3,424,53,5,56,74,3,5,2,6,9,1,23,3,424,53,5,56,74,3,5,2,6,9,1,23,3,424,53,5,56,74,3,5,2,6,9,1,23,3,424,53,5,56,74,3,5,2,6,9,1,23,3,424,53,5,56,74]
Consumed:[2],Buffer-State:[6,9,1,23,3,424,53,5,56,74,3,5,2,6,9,1,23,3,424,53,5,56,74,3,5,2,6,9,1,23,3,424,53,5,56,74,3,5,2,6,9,1,23,3,424,53,5,56,74,3,5,2,6,9,1,23,3,424,53,5,56,74,3,5,2,6,9,1,23,3,424,53,5,56,74]
Consumed:[6],Buffer-State:[9,1,23,3,424,53,5,56,74,3,5,2,6,9,1,23,3,424,53,5,56,74,3,5,2,6,9,1,23,3,424,53,5,56,74,3,5,2,6,9,1,23,3,424,53,5,56,74,3,5,2,6,9,1,23,3,424,53,5,56,74,3,5,2,6,9,1,23,3,424,53,5,56,74]
Consumed:[9],Buffer-State:[1,23,3,424,53,5,56,74,3,5,2,6,9,1,23,3,424,53,5,56,74,3,5,2,6,9,1,23,3,424,53,5,56,74,3,5,2,6,9,1,23,3,424,53,5,56,74,3,5,2,6,9,1,23,3,424,53,5,56,74,3,5,2,6,9,1,23,3,424,53,5,56,74]
Consumed:[1],Buffer-State:[23,3,424,53,5,56,74,3,5,2,6,9,1,23,3,424,53,5,56,74,3,5,2,6,9,1,23,3,424,53,5,56,74,3,5,2,6,9,1,23,3,424,53,5,56,74,3,5,2,6,9,1,23,3,424,53,5,56,74,3,5,2,6,9,1,23,3,424,53,5,56,74]
Consumed:[23],Buffer-State:[3,424,53,5,56,74,3,5,2,6,9,1,23,3,424,53,5,56,74,3,5,2,6,9,1,23,3,424,53,5,56,74,3,5,2,6,9,1,23,3,424,53,5,56,74,3,5,2,6,9,1,23,3,424,53,5,56,74,3,5,2,6,9,1,23,3,424,53,5,56,74]
Consumed:[3],Buffer-State:[424,53,5,56,74,3,5,2,6,9,1,23,3,424,53,5,56,74,3,5,2,6,9,1,23,3,424,53,5,56,74,3,5,2,6,9,1,23,3,424,53,5,56,74,3,5,2,6,9,1,23,3,424,53,5,56,74,3,5,2,6,9,1,23,3,424,53,5,56,74]
Consumed:[424],Buffer-State:[53,5,56,74,3,5,2,6,9,1,23,3,424,53,5,56,74,3,5,2,6,9,1,23,3,424,53,5,56,74,3,5,2,6,9,1,23,3,424,53,5,56,74,3,5,2,6,9,1,23,3,424,53,5,56,74,3,5,2,6,9,1,23,3,424,53,5,56,74]
Consumed:[53],Buffer-State:[5,56,74,3,5,2,6,9,1,23,3,424,53,5,56,74,3,5,2,6,9,1,23,3,424,53,5,56,74,3,5,2,6,9,1,23,3,424,53,5,56,74,3,5,2,6,9,1,23,3,424,53,5,56,74,3,5,2,6,9,1,23,3,424,53,5,56,74]
Consumed:[5],Buffer-State:[56,74,3,5,2,6,9,1,23,3,424,53,5,56,74,3,5,2,6,9,1,23,3,424,53,5,56,74,3,5,2,6,9,1,23,3,424,53,5,56,74,3,5,2,6,9,1,23,3,424,53,5,56,74,3,5,2,6,9,1,23,3,424,53,5,56,74]
Consumed:[56],Buffer-State:[74,3,5,2,6,9,1,23,3,424,53,5,56,74,3,5,2,6,9,1,23,3,424,53,5,56,74,3,5,2,6,9,1,23,3,424,53,5,56,74,3,5,2,6,9,1,23,3,424,53,5,56,74,3,5,2,6,9,1,23,3,424,53,5,56,74]
Consumed:[74],Buffer-State:[3,5,2,6,9,1,23,3,424,53,5,56,74,3,5,2,6,9,1,23,3,424,53,5,56,74,3,5,2,6,9,1,23,3,424,53,5,56,74,3,5,2,6,9,1,23,3,424,53,5,56,74,3,5,2,6,9,1,23,3,424,53,5,56,74]
Consumed:[3],Buffer-State:[5,2,6,9,1,23,3,424,53,5,56,74,3,5,2,6,9,1,23,3,424,53,5,56,74,3,5,2,6,9,1,23,3,424,53,5,56,74,3,5,2,6,9,1,23,3,424,53,5,56,74,3,5,2,6,9,1,23,3,424,53,5,56,74]
Consumed:[5],Buffer-State:[2,6,9,1,23,3,424,53,5,56,74,3,5,2,6,9,1,23,3,424,53,5,56,74,3,5,2,6,9,1,23,3,424,53,5,56,74,3,5,2,6,9,1,23,3,424,53,5,56,74,3,5,2,6,9,1,23,3,424,53,5,56,74]
Consumed:[2],Buffer-State:[6,9,1,23,3,424,53,5,56,74,3,5,2,6,9,1,23,3,424,53,5,56,74,3,5,2,6,9,1,23,3,424,53,5,56,74,3,5,2,6,9,1,23,3,424,53,5,56,74,3,5,2,6,9,1,23,3,424,53,5,56,74]
Consumed:[6],Buffer-State:[9,1,23,3,424,53,5,56,74,3,5,2,6,9,1,23,3,424,53,5,56,74,3,5,2,6,9,1,23,3,424,53,5,56,74,3,5,2,6,9,1,23,3,424,53,5,56,74,3,5,2,6,9,1,23,3,424,53,5,56,74]
Consumed:[9],Buffer-State:[1,23,3,424,53,5,56,74,3,5,2,6,9,1,23,3,424,53,5,56,74,3,5,2,6,9,1,23,3,424,53,5,56,74,3,5,2,6,9,1,23,3,424,53,5,56,74,3,5,2,6,9,1,23,3,424,53,5,56,74]
Consumed:[1],Buffer-State:[23,3,424,53,5,56,74,3,5,2,6,9,1,23,3,424,53,5,56,74,3,5,2,6,9,1,23,3,424,53,5,56,74,3,5,2,6,9,1,23,3,424,53,5,56,74,3,5,2,6,9,1,23,3,424,53,5,56,74]
Consumed:[23],Buffer-State:[3,424,53,5,56,74,3,5,2,6,9,1,23,3,424,53,5,56,74,3,5,2,6,9,1,23,3,424,53,5,56,74,3,5,2,6,9,1,23,3,424,53,5,56,74,3,5,2,6,9,1,23,3,424,53,5,56,74]
Consumed:[3],Buffer-State:[424,53,5,56,74,3,5,2,6,9,1,23,3,424,53,5,56,74,3,5,2,6,9,1,23,3,424,53,5,56,74,3,5,2,6,9,1,23,3,424,53,5,56,74,3,5,2,6,9,1,23,3,424,53,5,56,74]
Consumed:[424],Buffer-State:[53,5,56,74,3,5,2,6,9,1,23,3,424,53,5,56,74,3,5,2,6,9,1,23,3,424,53,5,56,74,3,5,2,6,9,1,23,3,424,53,5,56,74,3,5,2,6,9,1,23,3,424,53,5,56,74]
Consumed:[53],Buffer-State:[5,56,74,3,5,2,6,9,1,23,3,424,53,5,56,74,3,5,2,6,9,1,23,3,424,53,5,56,74,3,5,2,6,9,1,23,3,424,53,5,56,74,3,5,2,6,9,1,23,3,424,53,5,56,74]
Consumed:[5],Buffer-State:[56,74,3,5,2,6,9,1,23,3,424,53,5,56,74,3,5,2,6,9,1,23,3,424,53,5,56,74,3,5,2,6,9,1,23,3,424,53,5,56,74,3,5,2,6,9,1,23,3,424,53,5,56,74]
Consumed:[56],Buffer-State:[74,3,5,2,6,9,1,23,3,424,53,5,56,74,3,5,2,6,9,1,23,3,424,53,5,56,74,3,5,2,6,9,1,23,3,424,53,5,56,74,3,5,2,6,9,1,23,3,424,53,5,56,74]
Consumed:[74],Buffer-State:[3,5,2,6,9,1,23,3,424,53,5,56,74,3,5,2,6,9,1,23,3,424,53,5,56,74,3,5,2,6,9,1,23,3,424,53,5,56,74,3,5,2,6,9,1,23,3,424,53,5,56,74]
Consumed:[3],Buffer-State:[5,2,6,9,1,23,3,424,53,5,56,74,3,5,2,6,9,1,23,3,424,53,5,56,74,3,5,2,6,9,1,23,3,424,53,5,56,74,3,5,2,6,9,1,23,3,424,53,5,56,74]
Consumed:[5],Buffer-State:[2,6,9,1,23,3,424,53,5,56,74,3,5,2,6,9,1,23,3,424,53,5,56,74,3,5,2,6,9,1,23,3,424,53,5,56,74,3,5,2,6,9,1,23,3,424,53,5,56,74]
Consumed:[2],Buffer-State:[6,9,1,23,3,424,53,5,56,74,3,5,2,6,9,1,23,3,424,53,5,56,74,3,5,2,6,9,1,23,3,424,53,5,56,74,3,5,2,6,9,1,23,3,424,53,5,56,74]
Consumed:[6],Buffer-State:[9,1,23,3,424,53,5,56,74,3,5,2,6,9,1,23,3,424,53,5,56,74,3,5,2,6,9,1,23,3,424,53,5,56,74,3,5,2,6,9,1,23,3,424,53,5,56,74]
Consumed:[9],Buffer-State:[1,23,3,424,53,5,56,74,3,5,2,6,9,1,23,3,424,53,5,56,74,3,5,2,6,9,1,23,3,424,53,5,56,74,3,5,2,6,9,1,23,3,424,53,5,56,74]
Consumed:[1],Buffer-State:[23,3,424,53,5,56,74,3,5,2,6,9,1,23,3,424,53,5,56,74,3,5,2,6,9,1,23,3,424,53,5,56,74,3,5,2,6,9,1,23,3,424,53,5,56,74]
Consumed:[23],Buffer-State:[3,424,53,5,56,74,3,5,2,6,9,1,23,3,424,53,5,56,74,3,5,2,6,9,1,23,3,424,53,5,56,74,3,5,2,6,9,1,23,3,424,53,5,56,74]
Consumed:[3],Buffer-State:[424,53,5,56,74,3,5,2,6,9,1,23,3,424,53,5,56,74,3,5,2,6,9,1,23,3,424,53,5,56,74,3,5,2,6,9,1,23,3,424,53,5,56,74]
Consumed:[424],Buffer-State:[53,5,56,74,3,5,2,6,9,1,23,3,424,53,5,56,74,3,5,2,6,9,1,23,3,424,53,5,56,74,3,5,2,6,9,1,23,3,424,53,5,56,74]
Consumed:[53],Buffer-State:[5,56,74,3,5,2,6,9,1,23,3,424,53,5,56,74,3,5,2,6,9,1,23,3,424,53,5,56,74,3,5,2,6,9,1,23,3,424,53,5,56,74]
Consumed:[5],Buffer-State:[56,74,3,5,2,6,9,1,23,3,424,53,5,56,74,3,5,2,6,9,1,23,3,424,53,5,56,74,3,5,2,6,9,1,23,3,424,53,5,56,74]
Consumed:[56],Buffer-State:[74,3,5,2,6,9,1,23,3,424,53,5,56,74,3,5,2,6,9,1,23,3,424,53,5,56,74,3,5,2,6,9,1,23,3,424,53,5,56,74]
Consumed:[74],Buffer-State:[3,5,2,6,9,1,23,3,424,53,5,56,74,3,5,2,6,9,1,23,3,424,53,5,56,74,3,5,2,6,9,1,23,3,424,53,5,56,74]
Consumed:[3],Buffer-State:[5,2,6,9,1,23,3,424,53,5,56,74,3,5,2,6,9,1,23,3,424,53,5,56,74,3,5,2,6,9,1,23,3,424,53,5,56,74]
Consumed:[5],Buffer-State:[2,6,9,1,23,3,424,53,5,56,74,3,5,2,6,9,1,23,3,424,53,5,56,74,3,5,2,6,9,1,23,3,424,53,5,56,74]
Consumed:[2],Buffer-State:[6,9,1,23,3,424,53,5,56,74,3,5,2,6,9,1,23,3,424,53,5,56,74,3,5,2,6,9,1,23,3,424,53,5,56,74]
Consumed:[6],Buffer-State:[9,1,23,3,424,53,5,56,74,3,5,2,6,9,1,23,3,424,53,5,56,74,3,5,2,6,9,1,23,3,424,53,5,56,74]
Consumed:[9],Buffer-State:[1,23,3,424,53,5,56,74,3,5,2,6,9,1,23,3,424,53,5,56,74,3,5,2,6,9,1,23,3,424,53,5,56,74]
Consumed:[1],Buffer-State:[23,3,424,53,5,56,74,3,5,2,6,9,1,23,3,424,53,5,56,74,3,5,2,6,9,1,23,3,424,53,5,56,74]
Consumed:[23],Buffer-State:[3,424,53,5,56,74,3,5,2,6,9,1,23,3,424,53,5,56,74,3,5,2,6,9,1,23,3,424,53,5,56,74]
Consumed:[3],Buffer-State:[424,53,5,56,74,3,5,2,6,9,1,23,3,424,53,5,56,74,3,5,2,6,9,1,23,3,424,53,5,56,74]
Consumed:[424],Buffer-State:[53,5,56,74,3,5,2,6,9,1,23,3,424,53,5,56,74,3,5,2,6,9,1,23,3,424,53,5,56,74]
Consumed:[53],Buffer-State:[5,56,74,3,5,2,6,9,1,23,3,424,53,5,56,74,3,5,2,6,9,1,23,3,424,53,5,56,74]
Consumed:[5],Buffer-State:[56,74,3,5,2,6,9,1,23,3,424,53,5,56,74,3,5,2,6,9,1,23,3,424,53,5,56,74]
Consumed:[56],Buffer-State:[74,3,5,2,6,9,1,23,3,424,53,5,56,74,3,5,2,6,9,1,23,3,424,53,5,56,74]
Consumed:[74],Buffer-State:[3,5,2,6,9,1,23,3,424,53,5,56,74,3,5,2,6,9,1,23,3,424,53,5,56,74]
Consumed:[3],Buffer-State:[5,2,6,9,1,23,3,424,53,5,56,74,3,5,2,6,9,1,23,3,424,53,5,56,74]
Consumed:[5],Buffer-State:[2,6,9,1,23,3,424,53,5,56,74,3,5,2,6,9,1,23,3,424,53,5,56,74]
Consumed:[2],Buffer-State:[6,9,1,23,3,424,53,5,56,74,3,5,2,6,9,1,23,3,424,53,5,56,74]
Consumed:[6],Buffer-State:[9,1,23,3,424,53,5,56,74,3,5,2,6,9,1,23,3,424,53,5,56,74]
Consumed:[9],Buffer-State:[1,23,3,424,53,5,56,74,3,5,2,6,9,1,23,3,424,53,5,56,74]
Consumed:[1],Buffer-State:[23,3,424,53,5,56,74,3,5,2,6,9,1,23,3,424,53,5,56,74]
Consumed:[23],Buffer-State:[3,424,53,5,56,74,3,5,2,6,9,1,23,3,424,53,5,56,74]
Consumed:[3],Buffer-State:[424,53,5,56,74,3,5,2,6,9,1,23,3,424,53,5,56,74]
Consumed:[424],Buffer-State:[53,5,56,74,3,5,2,6,9,1,23,3,424,53,5,56,74]
Consumed:[53],Buffer-State:[5,56,74,3,5,2,6,9,1,23,3,424,53,5,56,74]
Consumed:[5],Buffer-State:[56,74,3,5,2,6,9,1,23,3,424,53,5,56,74]
Consumed:[56],Buffer-State:[74,3,5,2,6,9,1,23,3,424,53,5,56,74]
Consumed:[74],Buffer-State:[3,5,2,6,9,1,23,3,424,53,5,56,74]
Consumed:[3],Buffer-State:[5,2,6,9,1,23,3,424,53,5,56,74]
Consumed:[5],Buffer-State:[2,6,9,1,23,3,424,53,5,56,74]
Consumed:[2],Buffer-State:[6,9,1,23,3,424,53,5,56,74]
Consumed:[6],Buffer-State:[9,1,23,3,424,53,5,56,74]
Consumed:[9],Buffer-State:[1,23,3,424,53,5,56,74]
Consumed:[1],Buffer-State:[23,3,424,53,5,56,74]
Consumed:[23],Buffer-State:[3,424,53,5,56,74]
Consumed:[3],Buffer-State:[424,53,5,56,74]
Consumed:[424],Buffer-State:[53,5,56,74]
Consumed:[53],Buffer-State:[5,56,74]
Consumed:[5],Buffer-State:[56,74]
Consumed:[56],Buffer-State:[74]
Consumed:[74],Buffer-State:[]
